SIMPLE NEURAL NETWORK
Weight1: 0.4
Weight2: 0.9
Bias: 0.6
Input1: [ 3.   2.   4.   3.   3.5  2.   5.5  1.   4.5]
Input2: [ 1.5  1.   1.5  1.   0.5  0.5  1.   1.   1. ]
Output0: 0.0410912782005
Output1: 0.0911229610149
Output2: 0.0279225737841
Output3: 0.062973356057
Output4: 0.079438549184
Output5: 0.135872897009
Output6: 0.0241270214177
Output7: 0.130108474363
Output8: 0.0355711892726
